%ID Name Fraction Mayor Type Farm MaxFarm FarmG Trade MaxTrade TradeG Steady MaxSteady Security SecurityG People PeopleMax PeopleG Money Food FuBai Efficiency Noble
1 襄平 12 139 1	%Frm% 740 2000 3 %Trd% 40 100 4 	%St% 60 80 %Sec% 27 2%P% 7800 21000 2 	%M/F% 580 1450 %F/E/N% 20 80 37
2 阳乐 4 134 1	%Frm% 800 2000 4 %Trd% 40 100 4 	%St% 48 80 %Sec% 40 4%P% 8400 21000 4 	%M/F% 480 1200 %F/E/N% 20 80 40
3 柳城 0 0 1	%Frm% 970 2000 4 %Trd% 45 100 4 	%St% 60 80 %Sec% 41 4%P% 10150 21000 4 	%M/F% 860 2150 %F/E/N% 20 80 48
4 范阳 13 348 2	%Frm% 1300 5000 2 %Trd% 75 300 2 	%St% 60 170 %Sec% 44 4%P% 13750 53000 4 	%M/F% 780 1950 %F/E/N% 20 80 26
5 蓟 4 138 2	%Frm% 2000 5000 4 %Trd% 120 300 4 	%St% 102 170 %Sec% 40 4%P% 21200 53000 4 	%M/F% 1020 2550 %F/E/N% 20 80 40
6 渔阳 0 0 2	%Frm% 1460 5000 2 %Trd% 90 300 3 	%St% 60 170 %Sec% 39 3%P% 15500 53000 3 	%M/F% 1800 4500 %F/E/N% 20 80 29
7 代 7 353 1	%Frm% 770 2000 3 %Trd% 40 100 4 	%St% 60 80 %Sec% 37 3%P% 8100 21000 3 	%M/F% 700 1750 %F/E/N% 20 80 38
8 广武 0 0 1	%Frm% 640 2000 3 %Trd% 35 100 3 	%St% 60 80 %Sec% 21 2%P% 6750 21000 2 	%M/F% 760 1900 %F/E/N% 20 80 32
9 南皮 2 12 3	%Frm% 4000 9999 4 %Trd% 240 600 4 	%St% 100 250 %Sec% 40 4%P% 42400 105990 4 	%M/F% 1000 2500 %F/E/N% 20 80 40
10 章武 0 0 2	%Frm% 790 5000 1 %Trd% 65 300 2 	%St% 40 170 %Sec% 34 3%P% 8550 53000 3 	%M/F% 600 1500 %F/E/N% 20 80 15
11 信都 15 143 3	%Frm% 1430 9999 1 %Trd% 135 600 2 	%St% 70 250 %Sec% 45 4%P% 15650 105990 4 	%M/F% 1540 3850 %F/E/N% 20 80 14
12 平原 2 13 2	%Frm% 2000 5000 4 %Trd% 120 300 4 	%St% 68 170 %Sec% 40 4%P% 21200 53000 4 	%M/F% 680 1700 %F/E/N% 20 80 40
13 阳平 15 274 2	%Frm% 600 5000 1 %Trd% 45 300 1 	%St% 40 170 %Sec% 44 4%P% 6450 53000 4 	%M/F% 320 800 %F/E/N% 20 80 12
14 钜鹿 15 74 3	%Frm% 1660 9999 1 %Trd% 140 600 2 	%St% 70 250 %Sec% 31 3%P% 18000 105990 3 	%M/F% 1000 2500 %F/E/N% 20 80 16
15 中山 0 0 1	%Frm% 580 2000 2 %Trd% 25 100 2 	%St% 30 80 %Sec% 16 1%P% 6050 21000 1 	%M/F% 1300 3250 %F/E/N% 20 80 29
16 真定 14 243 2	%Frm% 2400 5000 4 %Trd% 150 300 5 	%St% 80 170 %Sec% 37 3%P% 25500 53000 3 	%M/F% 1720 4300 %F/E/N% 20 80 48
17 房子 14 37 1	%Frm% 1320 2000 6 %Trd% 65 100 6 	%St% 60 80 %Sec% 16 1%P% 13850 21000 1 	%M/F% 1140 2850 %F/E/N% 20 80 66
18 邺 15 95 3	%Frm% 2090 9999 2 %Trd% 120 600 2 	%St% 60 250 %Sec% 42 4%P% 22100 105990 4 	%M/F% 1500 3750 %F/E/N% 20 80 20
19 朝歌 16 260 2	%Frm% 1160 5000 2 %Trd% 60 300 2 	%St% 40 170 %Sec% 29 2%P% 12200 53000 2 	%M/F% 680 1700 %F/E/N% 20 80 23
20 晋阳 0 0 2	%Frm% 1310 5000 2 %Trd% 75 300 2 	%St% 60 170 %Sec% 35 3%P% 13850 53000 3 	%M/F% 1440 3600 %F/E/N% 20 80 26
21 九原 0 0 1	%Frm% 1160 2000 5 %Trd% 60 100 6 	%St% 50 80 %Sec% 22 2%P% 12200 21000 2 	%M/F% 500 1250 %F/E/N% 20 80 58
22 兹氏 0 0 1	%Frm% 1130 2000 5 %Trd% 60 100 6 	%St% 50 80 %Sec% 26 2%P% 11900 21000 2 	%M/F% 460 1150 %F/E/N% 20 80 56
23 乐平 0 0 1	%Frm% 1240 2000 6 %Trd% 65 100 6 	%St% 40 80 %Sec% 11 1%P% 13050 21000 1 	%M/F% 1440 3600 %F/E/N% 20 80 62
24 壶关 0 0 0	%Frm% 0 0 0 %Trd% 0 0 0 	%St% 70 150 %Sec% 99 9%P% 0 0 0 	%M/F% 500 1250 %F/E/N% 0 90 0
25 剧 17 140 1	%Frm% 370 2000 1 %Trd% 15 100 1 	%St% 30 80 %Sec% 15 1%P% 3850 21000 1 	%M/F% 220 550 %F/E/N% 20 80 18
26 即墨 17 276 1	%Frm% 180 2000 0 %Trd% 10 100 1 	%St% 30 80 %Sec% 13 1%P% 1900 21000 1 	%M/F% 240 600 %F/E/N% 20 80 9
27 济南 18 185 2	%Frm% 1270 5000 2 %Trd% 90 300 3 	%St% 40 170 %Sec% 10 1%P% 13600 53000 1 	%M/F% 280 700 %F/E/N% 20 80 25
28 乐安 0 0 1	%Frm% 550 2000 2 %Trd% 30 100 3 	%St% 20 80 %Sec% 12 1%P% 5800 21000 1 	%M/F% 740 1850 %F/E/N% 20 80 27
29 临淄 17 29 1	%Frm% 340 2000 1 %Trd% 20 100 2 	%St% 30 80 %Sec% 10 1%P% 3600 21000 1 	%M/F% 220 550 %F/E/N% 20 80 17
30 淮阴 0 0 2	%Frm% 1950 5000 3 %Trd% 120 300 4 	%St% 50 170 %Sec% 20 2%P% 20700 53000 2 	%M/F% 1240 3100 %F/E/N% 20 80 39
31 东海 10 157 1	%Frm% 1200 2000 6 %Trd% 50 100 5 	%St% 24 80 %Sec% 40 4%P% 12500 21000 4 	%M/F% 480 1200 %F/E/N% 20 80 60
32 琅邪 10 225 2	%Frm% 3000 5000 6 %Trd% 150 300 5 	%St% 51 170 %Sec% 40 4%P% 31500 53000 4 	%M/F% 1020 2550 %F/E/N% 20 80 60
33 彭城 10 287 2	%Frm% 3000 5000 6 %Trd% 150 300 5 	%St% 51 170 %Sec% 40 4%P% 31500 53000 4 	%M/F% 1020 2550 %F/E/N% 20 80 60
34 下邳 10 271 2	%Frm% 3000 5000 6 %Trd% 150 300 5 	%St% 51 170 %Sec% 40 4%P% 31500 53000 4 	%M/F% 1020 2550 %F/E/N% 20 80 60
35 昌邑 19 318 1	%Frm% 630 2000 3 %Trd% 30 100 3 	%St% 30 80 %Sec% 36 3%P% 6600 21000 3 	%M/F% 1340 2850 %F/E/N% 20 80 31
36 济北 2 7 1	%Frm% 800 2000 4 %Trd% 40 100 4 	%St% 32 80 %Sec% 40 4%P% 8400 21000 4 	%M/F% 320 800 %F/E/N% 20 80 40
37 泰山 20 352 1	%Frm% 540 2000 2 %Trd% 25 100 2 	%St% 50 80 %Sec% 10 1%P% 5650 21000 1 	%M/F% 420 1050 %F/E/N% 20 80 27
38 濮阳 21 111 2	%Frm% 1230 5000 2 %Trd% 75 300 2 	%St% 40 170 %Sec% 39 3%P% 13050 53000 3 	%M/F% 1540 3850 %F/E/N% 20 80 24
39 陈留 6 221 2	%Frm% 2000 5000 4 %Trd% 120 300 4 	%St% 102 170 %Sec% 40 4%P% 21200 53000 4 	%M/F% 1360 3400 %F/E/N% 20 80 40
40 乌巢 0 0 1	%Frm% 750 2000 3 %Trd% 35 100 3 	%St% 30 80 %Sec% 26 2%P% 7850 21000 2 	%M/F% 380 950 %F/E/N% 20 80 37
41 延津 0 0 1	%Frm% 820 2000 4 %Trd% 40 100 4 	%St% 30 80 %Sec% 23 2%P% 8600 21000 2 	%M/F% 520 1300 %F/E/N% 20 80 41
42 许昌 0 0 2	%Frm% 860 5000 1 %Trd% 55 300 1 	%St% 30 170 %Sec% 45 4%P% 9150 53000 4 	%M/F% 480 1200 %F/E/N% 20 80 17
43 陈 22 355 3	%Frm% 1550 9999 1 %Trd% 90 600 1 	%St% 50 250 %Sec% 43 4%P% 16400 105990 4 	%M/F% 1360 3400 %F/E/N% 20 80 15
44 汝南 23 71 2	%Frm% 1150 5000 2 %Trd% 80 300 2 	%St% 40 170 %Sec% 12 1%P% 12300 53000 1 	%M/F% 1440 3600 %F/E/N% 20 80 23
45 新息 0 0 1	%Frm% 600 2000 3 %Trd% 30 100 3 	%St% 30 80 %Sec% 36 3%P% 6300 21000 3 	%M/F% 300 750 %F/E/N% 20 80 30
46 西阳 0 0 1	%Frm% 790 2000 3 %Trd% 40 100 4 	%St% 30 80 %Sec% 27 2%P% 8300 21000 2 	%M/F% 300 750 %F/E/N% 20 80 39
47 安丰 0 0 1	%Frm% 680 2000 3 %Trd% 35 100 3 	%St% 30 80 %Sec% 29 2%P% 7150 21000 2 	%M/F% 340 850 %F/E/N% 20 80 34
48 睢阳 0 0 2	%Frm% 1360 5000 2 %Trd% 90 300 3 	%St% 40 170 %Sec% 45 4%P% 14500 53000 4 	%M/F% 900 2250 %F/E/N% 20 80 27
49 沛 20 6 1	%Frm% 850 2000 4 %Trd% 40 100 4 	%St% 40 80 %Sec% 46 4%P% 8900 21000 4 	%M/F% 440 1100 %F/E/N% 20 80 42
50 鲁 20 227 1	%Frm% 700 2000 3 %Trd% 30 100 3 	%St% 40 80 %Sec% 45 4%P% 7300 21000 4 	%M/F% 440 1100 %F/E/N% 20 80 35
51 洛阳 1 0 3	%Frm% 1000 9999 1 %Trd% 60 600 1 	%St% 25 250 %Sec% 5 0%P% 10600 105990 0 	%M/F% 160 400 %F/E/N% 20 80 10
52 宣阳 1 0 2	%Frm% 1750 5000 3 %Trd% 90 300 3 	%St% 68 170 %Sec% 46 4%P% 18400 53000 4 	%M/F% 680 1700 %F/E/N% 20 80 35
53 怀 24 25 1	%Frm% 1460 2000 7 %Trd% 70 100 7 	%St% 40 80 %Sec% 40 4%P% 15300 21000 4 	%M/F% 600 1500 %F/E/N% 20 80 73
54 泛水关 0 0 0	%Frm% 0 0 0 %Trd% 0 0 0 	%St% 40 150 %Sec% 99 9%P% 0 0 0 	%M/F% 280 700 %F/E/N% 0 90 0
55 虎牢关 0 0 0	%Frm% 0 0 0 %Trd% 0 0 0 	%St% 40 150 %Sec% 99 9%P% 0 0 0 	%M/F% 280 700 %F/E/N% 0 90 0
56 安邑 25 92 1	%Frm% 1600 2000 8 %Trd% 80 100 8 	%St% 40 80 %Sec% 33 3%P% 16800 21000 3 	%M/F% 1300 3250 %F/E/N% 20 80 80
57 平阳 0 0 1	%Frm% 780 2000 3 %Trd% 35 100 3 	%St% 30 80 %Sec% 31 3%P% 8150 21000 3 	%M/F% 1560 3900 %F/E/N% 20 80 39
58 弘农 1 0 1	%Frm% 700 2000 3 %Trd% 30 100 3 	%St% 32 80 %Sec% 25 2%P% 7300 21000 2 	%M/F% 320 800 %F/E/N% 20 80 35
59 函谷关 1 0 0	%Frm% 0 0 0 %Trd% 0 0 0 	%St% 120 150 %Sec% 99 9%P% 0 0 0 	%M/F% 600 1500 %F/E/N% 0 90 0
60 潼关 1 0 0	%Frm% 0 0 0 %Trd% 0 0 0 	%St% 120 150 %Sec% 99 9%P% 0 0 0 	%M/F% 600 1500 %F/E/N% 0 90 0
61 长安 1 22 2	%Frm% 1750 5000 3 %Trd% 90 300 3 	%St% 68 170 %Sec% 34 3%P% 18400 53000 3 	%M/F% 680 1700 %F/E/N% 20 80 35
62 栎阳 1 0 1	%Frm% 700 2000 3 %Trd% 30 100 3 	%St% 32 80 %Sec% 25 2%P% 7300 21000 2 	%M/F% 320 800 %F/E/N% 20 80 35
63 临晋 0 0 1	%Frm% 1040 2000 5 %Trd% 50 100 5 	%St% 30 80 %Sec% 43 4%P% 10900 21000 4 	%M/F% 860 2150 %F/E/N% 20 80 52
64 漆 1 0 1	%Frm% 700 2000 3 %Trd% 30 100 3 	%St% 32 80 %Sec% 25 2%P% 7300 21000 2 	%M/F% 320 800 %F/E/N% 20 80 35
65 武关 1 0 0	%Frm% 0 0 0 %Trd% 0 0 0 	%St% 60 150 %Sec% 99 9%P% 0 0 0 	%M/F% 600 1500 %F/E/N% 0 90 0
66 子午谷 1 0 0	%Frm% 0 0 0 %Trd% 0 0 0 	%St% 60 150 %Sec% 99 9%P% 0 0 0 	%M/F% 600 1500 %F/E/N% 0 90 0
67 安定 0 0 1	%Frm% 1150 2000 5 %Trd% 60 100 6 	%St% 30 80 %Sec% 36 3%P% 12100 21000 3 	%M/F% 580 1450 %F/E/N% 20 80 57
68 陈仓 1 0 1	%Frm% 700 2000 3 %Trd% 30 100 3 	%St% 32 80 %Sec% 25 2%P% 7300 21000 2 	%M/F% 320 800 %F/E/N% 20 80 35
69 郿 1 0 1	%Frm% 700 2000 3 %Trd% 30 100 3 	%St% 32 80 %Sec% 25 2%P% 7300 21000 2 	%M/F% 320 800 %F/E/N% 20 80 35
70 散关 1 0 0	%Frm% 0 0 0 %Trd% 0 0 0 	%St% 120 150 %Sec% 99 9%P% 0 0 0 	%M/F% 600 1500 %F/E/N% 0 90 0
71 斜谷关 1 0 0	%Frm% 0 0 0 %Trd% 0 0 0 	%St% 120 150 %Sec% 99 9%P% 0 0 0 	%M/F% 600 1500 %F/E/N% 0 90 0
72 冀 11 90 1	%Frm% 1200 2000 6 %Trd% 50 100 5 	%St% 24 80 %Sec% 40 4%P% 12500 21000 4 	%M/F% 240 600 %F/E/N% 20 80 60
73 临渭 0 0 1	%Frm% 1000 2000 5 %Trd% 50 100 5 	%St% 40 80 %Sec% 39 3%P% 10500 21000 3 	%M/F% 380 950 %F/E/N% 20 80 50
74 襄武 0 0 1	%Frm% 880 2000 4 %Trd% 45 100 4 	%St% 40 80 %Sec% 34 3%P% 9250 21000 3 	%M/F% 420 1050 %F/E/N% 20 80 44
75 街亭 11 302 1	%Frm% 1200 2000 6 %Trd% 50 100 5 	%St% 24 80 %Sec% 40 4%P% 12500 21000 4 	%M/F% 240 600 %F/E/N% 20 80 60
76 姑臧 0 0 1	%Frm% 1040 2000 5 %Trd% 50 100 5 	%St% 30 80 %Sec% 57 5%P% 10900 21000 5 	%M/F% 700 1750 %F/E/N% 20 80 52
77 狄道 0 0 0	%Frm% 0 0 0 %Trd% 0 0 0 	%St% 40 150 %Sec% 99 9%P% 0 0 0 	%M/F% 240 600 %F/E/N% 0 90 0
78 张掖 0 0 1	%Frm% 420 2000 2 %Trd% 20 100 2 	%St% 60 80 %Sec% 36 3%P% 4400 21000 3 	%M/F% 320 800 %F/E/N% 20 80 21
79 酒泉 0 0 1	%Frm% 160 2000 0 %Trd% 10 100 1 	%St% 60 80 %Sec% 22 2%P% 1700 21000 2 	%M/F% 240 600 %F/E/N% 20 80 8
80 吴 26 107 3	%Frm% 1220 9999 1 %Trd% 65 600 1 	%St% 60 250 %Sec% 30 3%P% 12850 105990 3 	%M/F% 1780 4450 %F/E/N% 20 80 12
81 曲阿 27 124 2	%Frm% 930 5000 1 %Trd% 60 300 2 	%St% 40 170 %Sec% 28 2%P% 9900 53000 2 	%M/F% 1280 3200 %F/E/N% 20 80 18
82 扬中 0 0 1	%Frm% 320 2000 1 %Trd% 15 100 1 	%St% 30 80 %Sec% 36 3%P% 3350 21000 3 	%M/F% 460 1150 %F/E/N% 20 80 16
83 富春 0 0 2	%Frm% 1130 5000 2 %Trd% 60 300 2 	%St% 40 170 %Sec% 43 4%P% 11900 53000 4 	%M/F% 1120 2800 %F/E/N% 20 80 22
84 东冶 28 46 1	%Frm% 350 2000 1 %Trd% 15 100 1 	%St% 40 80 %Sec% 20 2%P% 3650 21000 2 	%M/F% 1380 3450 %F/E/N% 20 80 17
85 建业 0 0 3	%Frm% 1210 9999 1 %Trd% 65 600 1 	%St% 50 250 %Sec% 33 3%P% 12750 105990 3 	%M/F% 720 1800 %F/E/N% 20 80 12
86 丹阳 0 0 2	%Frm% 830 5000 1 %Trd% 40 300 1 	%St% 40 170 %Sec% 47 4%P% 8700 53000 4 	%M/F% 760 1900 %F/E/N% 20 80 16
87 始新 0 0 1	%Frm% 270 2000 1 %Trd% 20 100 2 	%St% 30 80 %Sec% 37 3%P% 2900 21000 3 	%M/F% 280 700 %F/E/N% 20 80 13
88 淮南 0 0 2	%Frm% 1090 5000 2 %Trd% 60 300 2 	%St% 30 170 %Sec% 33 3%P% 11500 53000 3 	%M/F% 280 700 %F/E/N% 20 80 21
89 寿春 0 0 3	%Frm% 3320 9999 3 %Trd% 180 600 3 	%St% 60 250 %Sec% 35 3%P% 35000 105990 3 	%M/F% 1120 2800 %F/E/N% 20 80 33
90 合肥 0 0 1	%Frm% 280 2000 1 %Trd% 10 100 1 	%St% 30 80 %Sec% 21 2%P% 2900 21000 2 	%M/F% 200 500 %F/E/N% 20 80 14
91 濡须 0 0 1	%Frm% 430 2000 2 %Trd% 20 100 2 	%St% 20 80 %Sec% 22 2%P% 4500 21000 2 	%M/F% 380 950 %F/E/N% 20 80 21
92 皖 0 0 1	%Frm% 550 2000 2 %Trd% 25 100 2 	%St% 30 80 %Sec% 46 4%P% 5750 21000 4 	%M/F% 680 1700 %F/E/N% 20 80 27
93 朱城 0 0 1	%Frm% 610 2000 3 %Trd% 30 100 3 	%St% 30 80 %Sec% 44 4%P% 6400 21000 4 	%M/F% 480 1200 %F/E/N% 20 80 30
94 舒 0 0 1	%Frm% 890 2000 4 %Trd% 45 100 4 	%St% 30 80 %Sec% 42 4%P% 9350 21000 4 	%M/F% 740 1850 %F/E/N% 20 80 44
95 居巢 0 0 1	%Frm% 1230 2000 6 %Trd% 60 100 6 	%St% 30 80 %Sec% 44 4%P% 12900 21000 4 	%M/F% 620 1550 %F/E/N% 20 80 61
96 南昌 0 0 1	%Frm% 420 2000 2 %Trd% 20 100 2 	%St% 40 80 %Sec% 45 4%P% 4400 21000 4 	%M/F% 720 1800 %F/E/N% 20 80 21
97 西昌 0 0 1	%Frm% 380 2000 1 %Trd% 20 100 2 	%St% 40 80 %Sec% 45 4%P% 4000 21000 4 	%M/F% 740 1850 %F/E/N% 20 80 19
98 柴桑 0 0 2	%Frm% 1200 5000 2 %Trd% 75 300 2 	%St% 40 170 %Sec% 41 4%P% 12750 53000 4 	%M/F% 1220 3050 %F/E/N% 20 80 24
99 鄱阳 0 0 1	%Frm% 640 2000 3 %Trd% 30 100 3 	%St% 30 80 %Sec% 41 4%P% 6700 21000 4 	%M/F% 580 1450 %F/E/N% 20 80 32
100 宛 3 10 3	%Frm% 3000 9999 3 %Trd% 180 600 3 	%St% 75 250 %Sec% 30 3%P% 31800 105990 3 	%M/F% 740 1850 %F/E/N% 20 80 30
101 新野 3 8 2	%Frm% 1500 5000 3 %Trd% 90 300 3 	%St% 51 170 %Sec% 30 3%P% 15900 53000 3 	%M/F% 500 1250 %F/E/N% 20 80 30
102 南乡 29 23 1	%Frm% 770 2000 3 %Trd% 30 100 3 	%St% 30 80 %Sec% 39 3%P% 8000 21000 3 	%M/F% 620 1550 %F/E/N% 20 80 38
103 襄阳 8 354 3	%Frm% 4000 9999 4 %Trd% 240 600 4 	%St% 138 250 %Sec% 40 4%P% 42400 105990 4 	%M/F% 2000 5000 %F/E/N% 20 80 40
104 章陵 3 246 1	%Frm% 600 2000 3 %Trd% 30 100 3 	%St% 24 80 %Sec% 30 3%P% 6300 21000 3 	%M/F% 240 600 %F/E/N% 20 80 30
105 上庸 0 0 1	%Frm% 670 2000 3 %Trd% 35 100 3 	%St% 40 80 %Sec% 38 3%P% 7050 21000 3 	%M/F% 520 1300 %F/E/N% 20 80 33
106 房陵 0 0 1	%Frm% 650 2000 3 %Trd% 35 100 3 	%St% 40 80 %Sec% 41 4%P% 6850 21000 4 	%M/F% 340 850 %F/E/N% 20 80 32
107 江夏 8 151 2	%Frm% 2000 5000 4 %Trd% 120 300 4 	%St% 94 170 %Sec% 40 4%P% 21200 53000 4 	%M/F% 840 2100 %F/E/N% 20 80 40
108 武昌 0 0 2	%Frm% 1540 5000 3 %Trd% 65 300 2 	%St% 20 170 %Sec% 39 3%P% 16050 53000 3 	%M/F% 320 800 %F/E/N% 20 80 30
109 陆口 0 0 1	%Frm% 930 2000 4 %Trd% 50 100 5 	%St% 20 80 %Sec% 39 3%P% 9800 21000 3 	%M/F% 280 700 %F/E/N% 20 80 46
110 公安 0 0 2	%Frm% 2000 5000 4 %Trd% 120 300 4 	%St% 50 170 %Sec% 50 5%P% 21200 53000 5 	%M/F% 1300 3250 %F/E/N% 20 80 40
111 江陵 8 155 2	%Frm% 2000 5000 4 %Trd% 120 300 4 	%St% 94 170 %Sec% 40 4%P% 21200 53000 4 	%M/F% 840 2100 %F/E/N% 20 80 40
112 当阳 8 21 1	%Frm% 800 2000 4 %Trd% 40 100 4 	%St% 44 80 %Sec% 40 4%P% 8400 21000 4 	%M/F% 400 1000 %F/E/N% 20 80 40
113 乌林 0 0 1	%Frm% 170 2000 0 %Trd% 10 100 1 	%St% 20 80 %Sec% 32 3%P% 1800 21000 3 	%M/F% 280 700 %F/E/N% 20 80 8
114 夷道 0 0 1	%Frm% 250 2000 1 %Trd% 10 100 1 	%St% 20 80 %Sec% 26 2%P% 2600 21000 2 	%M/F% 380 950 %F/E/N% 20 80 12
115 西陵 0 0 1	%Frm% 480 2000 2 %Trd% 25 100 2 	%St% 20 80 %Sec% 21 2%P% 5050 21000 2 	%M/F% 460 1150 %F/E/N% 20 80 24
116 信陵 0 0 1	%Frm% 770 2000 3 %Trd% 35 100 3 	%St% 30 80 %Sec% 37 3%P% 8050 21000 3 	%M/F% 520 1300 %F/E/N% 20 80 38
117 临湘 5 229 1	%Frm% 900 2000 4 %Trd% 45 100 4 	%St% 40 80 %Sec% 45 4%P% 9450 21000 4 	%M/F% 400 1000 %F/E/N% 20 80 45
118 巴丘 5 235 1	%Frm% 900 2000 4 %Trd% 45 100 4 	%St% 40 80 %Sec% 45 4%P% 9450 21000 4 	%M/F% 400 1000 %F/E/N% 20 80 45
119 益阳 5 226 1	%Frm% 900 2000 4 %Trd% 45 100 4 	%St% 40 80 %Sec% 45 4%P% 9450 21000 4 	%M/F% 400 1000 %F/E/N% 20 80 45
120 桂阳 0 0 1	%Frm% 440 2000 2 %Trd% 20 100 2 	%St% 50 80 %Sec% 17 1%P% 4600 21000 1 	%M/F% 520 1300 %F/E/N% 20 80 22
121 泉陵 0 0 1	%Frm% 330 2000 1 %Trd% 15 100 1 	%St% 50 80 %Sec% 15 1%P% 3450 21000 1 	%M/F% 380 950 %F/E/N% 20 80 16
122 武陵 0 0 1	%Frm% 220 2000 1 %Trd% 10 100 1 	%St% 40 80 %Sec% 11 1%P% 2300 21000 1 	%M/F% 460 1150 %F/E/N% 20 80 11
123 南郑 30 263 2	%Frm% 3570 5000 7 %Trd% 165 300 5 	%St% 170 170 %Sec% 80 8%P% 37350 53000 8 	%M/F% 3400 8500 %F/E/N% 20 80 71
124 汉城 30 242 1	%Frm% 1890 2000 9 %Trd% 90 100 9 	%St% 80 80 %Sec% 63 6%P% 19800 21000 6 	%M/F% 1600 4000 %F/E/N% 20 80 94
125 安阳 0 0 1	%Frm% 1490 2000 7 %Trd% 70 100 7 	%St% 80 80 %Sec% 24 2%P% 15600 21000 2 	%M/F% 1600 4000 %F/E/N% 20 80 74
126 兴势 0 0 1	%Frm% 580 2000 2 %Trd% 25 100 2 	%St% 40 80 %Sec% 38 3%P% 6050 21000 3 	%M/F% 280 700 %F/E/N% 20 80 29
127 下辨 0 0 1	%Frm% 450 2000 2 %Trd% 20 100 2 	%St% 40 80 %Sec% 38 3%P% 4700 21000 3 	%M/F% 340 850 %F/E/N% 20 80 22
128 阴平 0 0 1	%Frm% 430 2000 2 %Trd% 20 100 2 	%St% 40 80 %Sec% 39 3%P% 4500 21000 3 	%M/F% 300 750 %F/E/N% 20 80 21
129 武兴 0 0 1	%Frm% 560 2000 2 %Trd% 25 100 2 	%St% 40 80 %Sec% 44 4%P% 5850 21000 4 	%M/F% 460 1150 %F/E/N% 20 80 28
130 阳平关 0 0 0	%Frm% 0 0 0 %Trd% 0 0 0 	%St% 100 150 %Sec% 99 9%P% 0 0 0 	%M/F% 560 1400 %F/E/N% 0 90 0
131 白帝城 0 0 1	%Frm% 680 2000 3 %Trd% 30 100 3 	%St% 40 80 %Sec% 41 4%P% 7100 21000 4 	%M/F% 380 950 %F/E/N% 20 80 34
132 宕渠 0 0 1	%Frm% 510 2000 2 %Trd% 25 100 2 	%St% 40 80 %Sec% 42 4%P% 5350 21000 4 	%M/F% 380 950 %F/E/N% 20 80 25
133 江州 0 0 2	%Frm% 1180 5000 2 %Trd% 60 300 2 	%St% 40 170 %Sec% 39 3%P% 12400 53000 3 	%M/F% 380 950 %F/E/N% 20 80 23
134 江阳 0 0 1	%Frm% 870 2000 4 %Trd% 45 100 4 	%St% 40 80 %Sec% 37 3%P% 9150 21000 3 	%M/F% 300 750 %F/E/N% 20 80 43
135 南广 0 0 1	%Frm% 1220 2000 6 %Trd% 60 100 6 	%St% 40 80 %Sec% 42 4%P% 12800 21000 4 	%M/F% 320 800 %F/E/N% 20 80 61
136 雒 9 118 0	%Frm% 0 0 0 %Trd% 0 0 0 	%St% 57 150 %Sec% 99 9%P% 0 0 0 	%M/F% 560 1400 %F/E/N% 0 90 0
137 绵竹 0 0 0	%Frm% 0 0 0 %Trd% 0 0 0 	%St% 60 150 %Sec% 99 9%P% 0 0 0 	%M/F% 440 1100 %F/E/N% 0 90 0
138 梓潼 0 0 0	%Frm% 0 0 0 %Trd% 0 0 0 	%St% 60 150 %Sec% 99 9%P% 0 0 0 	%M/F% 520 1300 %F/E/N% 0 90 0
139 剑阁 0 0 0	%Frm% 0 0 0 %Trd% 0 0 0 	%St% 60 150 %Sec% 99 9%P% 0 0 0 	%M/F% 240 600 %F/E/N% 0 90 0
140 成都 9 346 3	%Frm% 3000 9999 3 %Trd% 180 600 3 	%St% 88 250 %Sec% 30 3%P% 31800 105990 3 	%M/F% 840 2100 %F/E/N% 20 80 30
141 武阳 9 254 1	%Frm% 600 2000 3 %Trd% 60 100 6 	%St% 28 80 %Sec% 30 3%P% 6600 21000 3 	%M/F% 280 700 %F/E/N% 20 80 30
142 牂牁 0 0 1	%Frm% 230 2000 1 %Trd% 10 100 1 	%St% 60 80 %Sec% 39 3%P% 2400 21000 3 	%M/F% 240 600 %F/E/N% 20 80 11
143 且芸 0 0 1	%Frm% 230 2000 1 %Trd% 10 100 1 	%St% 60 80 %Sec% 33 3%P% 2400 21000 3 	%M/F% 240 600 %F/E/N% 20 80 11
144 建宁 0 0 1	%Frm% 230 2000 1 %Trd% 10 100 1 	%St% 60 80 %Sec% 38 3%P% 2400 21000 3 	%M/F% 240 600 %F/E/N% 20 80 11
145 云南 0 0 1	%Frm% 230 2000 1 %Trd% 10 100 1 	%St% 60 80 %Sec% 32 3%P% 2400 21000 3 	%M/F% 240 600 %F/E/N% 20 80 11