% 这是注释行
%
% 保存所有的Fraction信息及外交信息

{
% id 君id 都id 拥有帝 拥有玺 金 粮
1 290%董卓%  61 1 0 30000 200000
2 12 %袁绍%  9  0 0 10000 100000
3 10 %袁术%  100 0 1 10000 120000
4 138%公孙瓒% 5 0 0 10000 100000
5 229%孙坚%  117 0 0 10000 100000
6 221%曹操%  39  0 0 10000 100000
7 353%刘备%  7   0 0 5000 80000
8 354%刘表%  103 0 0 40000 180000
9 346%刘焉%  140 0 0 30000 170000
10 287%陶谦%  33 0 0 50000 250000
11 302%马腾%  75 0 0 8000 80000
12 139%公孙度% 1 0 0 8000 80000
13 348%刘虞%   4 0 0 8000 130000
14 243%张燕%  16 0 0 8000 120000
15 95%韩馥%   18 0 0 20000 200000
16 260%张扬%  19 0 0 8000 120000
17 140%孔融%  25 0 0 10000 150000
18 185%昌霸%  27 0 0 4000 50000
19 318%鲍信%  35 0 0 4000 80000
20 352%刘岱%  37 0 0 8000 120000
21 111%桥瑁%  38 0 0 4000 100000
22 355%刘辟%  43 0 0 2000 80000
23 71%郭贡%   44 0 0 3000 70000
24 25%王匡%   53 0 0 3000 70000
25 92%韩暹%   56 0 0 2000 70000
26 107%许贡%  80 0 0 5000 100000
27 124%严白虎% 81 0 0 5000 100000
28 46%王朗%   84 0 0 6000 100000
29 23%王叡%   102 0 0 4000 100000
30 263%张鲁%  124 0 0 10000 200000
}
{
% 势1 势2 友好度  状态(0一般，1交战，2同盟)
}