% 这是注释行
{
% id       坐标         
1 %襄平% 2274 145
2 %阳乐% 1935 346
3 %柳城% 2000 129  
4 %范阳% 1637 485
5 %蓟% 1687 377
6 %渔阳% 1696 303
7 %代% 1527 396
8 %广武%  1363 522
9 %南皮%  1772 600
10 %章武% 1784 530
11 %信都%  1647 675
12 %平原%  1730 721
13 %阳平%  1651 861
14 %钜鹿%  1592 751
15 %中山% 1579 567
16 %真定%  1525 615
17 %房子%  1540 687
18 %邺%    1555 851
19 %朝歌%  1530 937
20 %晋阳%  1337 690
21 %九原%  1374 610
22 %兹氏%  1282 764
23 %乐平%  1465 688
24 %壶关%  1431 864
25 %剧%    1988 749
26 %即墨%  2102 713
27 %济南%  1824 757
28 %乐安%  1879 729
29 %临淄%  1933 708
30 %淮阴%  2044 1087
31 %东海%  1960 997
32 %琅琊%  1934 923
33 %彭城%  1839 1072
34 %下邳%  1927 1081
35 %昌邑%  1735 957
36 %济北%  1773 806
37 %泰山%  1828 817
38 %濮阳%  1624 926
39 %陈留%  1572 1045
40 %乌巢%  1593 980
41 %延津%  1539 988
42 %许昌%  1541 1133
43 %陈%    1626 1145
44 %汝南%  1610 1275
45 %新息%  1638 1317
46 %西阳%  1658 1380
47 %安丰%  1763 1370
48 %睢阳%  1687 1082
49 %沛%    1809 999
50 %鲁%    1808 879
51 %洛阳%  1390 1081
52 %宣阳%  1316 1117
53 %怀%  1401 1007
54 %汜水关%  1508 1047
55 %虎牢关%  1462 1059 
56 %安邑%  1250 1016
57 %平阳%  1257 897
58 %弘农%  1225 1107
59 %函谷关%  1301 1056
60 %潼关%  1168 1122
61 %长安%  1038 1151
62 %栎阳%  1093 1116
63 %临晋%  1146 1054
64 %漆%  948 1067
65 %武关%  1204 1242
66 %子午谷%  1030 1225
67 %安定%  877 1022
68 %陈仓%  864 1114
69 %郿%  921 1126
70 %散关%  842 1178
71 %斜谷关%  892 1208
72 %冀%   696 1109
73 %临渭%  778 1098
74 %襄武%  612 1086
75 %街亭%  772 1044
76 %姑臧%  438 698
77 %狄道%  540 1013
78 %张掖%  254 578
79 %酒泉%  120 442
80 %吴%    2247 1355
81 %曲阿%  2150 1310
82 %扬中%  2152 1247
83 %富春%  2198 1523
84 %东冶%  2225 2012
85 %建业%  2075 1308
86 %丹阳%  2071 1379
87 %始新%  2105 1572
88 %淮南%  1841 1374
89 %寿春%  1853 1277
90 %合肥%  1895 1342
91 %濡须%  2003 1399
92 %皖%    1907 1506
93 %朱城%  1722 1515
94 %舒%    1911 1425
95 %居巢%  1958 1353
96 %南昌%  1790 1770
97 %西昌%  1722 1989
98 %柴桑%  1806 1633
99 %鄱阳%  1876 1693
100 %宛%    1388 1266
101 %新野%  1430 1333
102 %南乡%  1297 1302
103 %襄阳%  1367 1398
104 %章陵%  1439 1381
105 %上庸%  1182 1371
106 %房陵%  1238 1415
107 %江夏%  1597 1510
108 %武昌%  1703 1580
109 %陆口%  1578 1645
110 %公安%  1406 1637
111 %江陵%  1413 1584
112 %当阳%  1385 1541
113 %乌林%  1525 1642
114 %夷道%  1300 1630
115 %西陵%  1309 1570
116 %信陵%  1211 1508
117 %临湘%  1532 1850
118 %巴丘%  1532 1721
119 %益阳%  1428 1788
120 %桂阳%  1477 2163
121 %泉陵%  1416 2092
122 %武陵%  1369 1742
123 %南郑%  883 1323
124 %汉城%  865 1268
125 %安阳%  999 1287
126 %兴势%  930 1257
127 %下辨%  726 1251
128 %阴平%  618 1312
129 %武兴%  787 1223
130 %阳平关%  804 1281
131 %白帝城%  1082 1530
132 %宕渠%  887 1569
133 %江州%  800 1714
134 %江阳%  689 1803
135 %南广%  595 1917
136 %雒%    605 1570
137 %绵竹%  569 1524
138 %梓潼%  682 1490
139 %剑阁%  725 1390
140 %成都%  560 1601
141 %武阳%  520 1666
142 %牂牁%  734 2149
143 %且芸%  957 2081
144 %建宁%  501 2109
145 %云南%  115 2129
}

{
% 城池连通性
1 3
3 2
2 6
2 5
6 5
5 7
5 10
5 4
7 8
7 15
10 9
4 15
4 11
15 16
8 21
9 11
9 12
9 28
11 12
11 14
12 14
12 27
12 36
14 17
14 18
17 18
17 16
16 23
13 18
13 36
13 38
13 35
23 20
21 20
20 22
22 57
24 18
24 57
28 27
28 29
27 36
29 25
29 37
25 26
25 32
26 32
36 37
37 50
35 39
35 50
35 49
39 40
39 48
39 42
40 38
40 41
40 19
41 19
41 54
38 18
50 49
50 32
49 48
49 32
49 33
48 43
48 33
48 89
43 42
43 89
43 47
42 54
42 44
42 100
44 100
44 45
44 101
45 46
45 104
46 107
47 46
47 88
32 31
31 34
31 30
33 34
33 89
34 30
34 82
30 82
57 56
56 53
56 59
56 60
53 55
53 19
19 18
54 55
55 51
55 100
51 52
51 59
52 100
52 59
59 58
58 60
60 63
60 62
63 62
62 61
62 65
61 66
61 69
65 102
66 125
69 64
69 68
69 71
64 68
64 67
68 67
68 73
68 70
67 75
73 75
73 72
73 127
73 129
75 72
75 74
72 74
72 127
70 129
70 130
71 124
71 126
74 77
74 128
77 76
76 78
78 79
128 127
128 137
127 129
129 130
130 124
130 139
124 126
124 123
126 125
126 123
125 123
125 105
123 139
139 138
138 137
138 136
138 132
137 136
136 140
140 141
141 134
141 135
134 133
134 135
134 143
133 143
133 132
132 131
131 116
143 142
135 142
135 144
144 145
105 106
106 102
106 103
106 115
102 100
102 103
100 101
101 103
101 104
103 104
103 112
103 115
104 107
104 112
112 111
107 111
107 108
107 113
111 113
111 110
111 114
115 116
115 114
116 114
108 109
108 93
108 98
109 113
109 118
109 98
113 118
110 114
110 118
110 122
110 119
114 122
118 117
122 119
119 117
119 121
117 120
120 121
93 98
93 92
98 96
98 99
96 97
96 99
99 87
92 88
92 94
92 91
88 89
88 94
89 90
90 95
90 94
95 94
95 91
91 87
91 85
91 86
87 83
82 85
82 81
82 80
85 81
85 86
81 86
81 80
86 80
80 83
83 84
}